#Filename: GenericColors.txt
0 0 0 0 0 0
1 1 128 174 128 255
2 2 241 214 145 255
3 3 177 122 101 255
4 4 111 184 210 255
5 5 216 101 79 255
6 6 221 130 101 255
7 7 144 238 144 255
8 8 192 104 88 255
9 9 220 245 20 255
10 10 78 63 0 255
11 11 255 250 220 255
12 12 100 100 130 255
13 13 200 200 235 255
14 14 250 250 210 255
15 15 244 214 49 255
16 16 0 151 206 255
17 17 216 101 79 255
18 18 183 156 220 255
19 19 183 214 211 255
20 20 152 189 207 255
21 21 111 184 210 255
22 22 178 212 242 255
23 23 68 172 100 255
24 24 111 197 131 255
25 25 85 188 255 255
26 26 0 145 30 255
27 27 214 230 130 255
28 28 78 63 0 255
29 29 218 255 255 255
30 30 170 250 250 255
31 31 140 224 228 255
32 32 188 65 28 255
33 33 216 191 216 255
34 34 145 60 66 255
35 35 150 98 83 255
36 36 177 122 101 255
37 37 244 214 49 255
38 38 250 250 225 255
39 39 200 200 215 255
40 40 68 131 98 255
41 41 128 174 128 255
42 42 83 146 164 255
43 43 83 146 164 255
44 44 162 115 105 255
45 45 162 115 105 255
46 46 141 93 137 255
47 47 141 93 137 255
48 48 182 166 110 255
49 49 182 166 110 255
50 50 188 135 166 255
51 51 188 135 166 255
52 52 154 150 201 255
53 53 154 150 201 255
54 54 177 140 190 255
55 55 177 140 190 255
56 56 30 111 85 255
57 57 30 111 85 255
58 58 210 157 166 255
59 59 210 157 166 255
60 60 48 129 126 255
61 61 48 129 126 255
62 62 98 153 112 255
63 63 98 153 112 255
64 64 69 110 53 255
65 65 166 113 137 255
66 66 122 101 38 255
67 67 122 101 38 255
68 68 253 135 192 255
69 69 145 92 109 255
70 70 46 101 131 255
71 71 0 108 112 255
72 72 0 108 112 255
73 73 250 250 225 255
74 74 127 150 88 255
75 75 127 150 88 255
76 76 159 116 163 255
77 77 159 116 163 255
78 78 125 102 154 255
79 79 125 102 154 255
80 80 106 174 155 255
81 81 106 174 155 255
82 82 154 146 83 255
83 83 154 146 83 255
84 84 126 126 55 255
85 85 201 160 133 255
86 86 201 160 133 255
87 87 78 152 141 255
88 88 78 152 141 255
89 89 174 140 103 255
90 90 174 140 103 255
91 91 139 126 177 255
92 92 139 126 177 255
93 93 148 120 72 255
94 94 148 120 72 255
95 95 186 135 135 255
96 96 186 135 135 255
97 97 99 106 24 255
98 98 156 171 108 255
99 99 156 171 108 255
100 100 64 123 147 255
101 101 64 123 147 255
102 102 138 95 74 255
103 103 97 113 158 255
104 104 126 161 197 255
105 105 194 195 164 255
106 106 85 188 255 255
107 107 88 106 215 255
108 108 88 106 215 255
109 109 88 106 215 255
110 110 88 106 215 255
111 111 88 106 215 255
112 112 88 106 215 255
113 113 88 106 215 255
114 114 88 106 215 255
115 115 244 214 49 255
116 116 200 200 215 255
117 117 250 250 225 255
118 118 82 174 128 255
119 119 57 157 110 255
120 120 60 143 83 255
121 121 92 162 109 255
122 122 255 244 209 255
123 123 255 244 209 255
124 124 255 244 209 255
125 125 255 244 209 255
126 126 201 121 77 255
127 127 70 163 117 255
128 128 188 91 95 255
129 129 177 122 101 255
130 130 166 84 94 255
131 131 182 105 107 255
132 132 229 147 118 255
133 133 229 147 118 255
134 134 174 122 90 255
135 135 174 122 90 255
136 136 201 112 73 255
137 137 201 112 73 255
138 138 194 142 0 255
139 139 194 142 0 255
140 140 241 213 144 255
141 141 203 179 77 255
142 142 203 179 77 255
143 143 229 204 109 255
144 144 229 204 109 255
145 145 255 243 152 255
146 146 255 243 152 255
147 147 209 185 85 255
148 148 209 185 85 255
149 149 248 223 131 255
150 150 248 223 131 255
151 151 255 230 138 255
152 152 196 172 68 255
153 153 255 255 167 255
154 154 255 250 160 255
155 155 255 237 145 255
156 156 242 217 123 255
157 157 242 217 123 255
158 158 222 198 101 255
159 159 177 122 101 255
160 160 213 124 109 255
161 161 184 105 108 255
162 162 150 208 243 255
163 163 62 162 114 255
164 164 62 162 114 255
165 165 62 162 114 255
166 166 242 206 142 255
167 167 250 210 139 255
168 168 255 255 207 255
169 169 177 122 101 255
170 170 182 228 255 255
171 171 175 216 244 255
172 172 197 165 145 255
173 173 197 165 145 255
174 174 172 138 115 255
175 175 172 138 115 255
176 176 202 164 140 255
177 177 224 186 162 255
178 178 224 186 162 255
179 179 255 245 217 255
180 180 206 110 84 255
181 181 210 115 89 255
182 182 203 108 81 255
183 183 233 138 112 255
184 184 195 100 73 255
185 185 181 85 57 255
186 186 152 55 13 255
187 187 159 63 27 255
188 188 166 70 38 255
189 189 218 123 97 255
190 190 225 130 104 255
191 191 224 97 76 255
192 192 255 244 209 255
193 193 184 122 154 255
194 194 211 171 143 255
195 195 47 150 103 255
196 196 255 244 209 255
197 197 173 121 88 255
198 198 188 95 76 255
199 199 255 239 172 255
200 200 226 202 134 255
201 201 253 232 158 255
202 202 244 217 154 255
203 203 205 179 108 255
204 204 205 179 108 255
205 205 186 124 161 255
206 206 177 122 101 255
207 207 255 255 220 255
208 208 234 234 194 255
209 209 204 142 178 255
210 210 180 119 153 255
211 211 216 132 105 255
212 212 255 253 229 255
213 213 205 167 142 255
214 214 204 168 143 255
215 215 255 224 199 255
216 216 221 130 101 255
217 217 0 145 30 255
218 218 139 150 98 255
219 219 249 180 111 255
220 220 157 108 162 255
221 221 203 136 116 255
222 222 185 102 83 255
223 223 185 102 83 255
224 224 247 182 164 255
225 225 247 182 164 255
226 226 222 154 132 255
227 227 124 186 223 255
228 228 249 186 150 255
229 229 249 186 150 255
230 230 244 170 147 255
231 231 255 181 158 255
232 232 255 190 165 255
233 233 227 153 130 255
234 234 213 141 113 255
235 235 213 141 113 255
236 236 193 123 103 255
237 237 216 146 127 255
238 238 230 158 140 255
239 239 245 172 147 255
240 240 245 172 147 255
241 241 241 172 151 255
242 242 241 172 151 255
243 243 177 124 92 255
244 244 171 85 68 255
245 245 217 198 131 255
246 246 212 188 102 255
247 247 185 135 134 255
248 248 185 135 134 255
249 249 198 175 125 255
250 250 194 98 79 255
251 251 177 122 101 255
252 252 177 122 101 255
253 253 177 122 101 255
254 254 177 122 101 255
255 255 111 184 210 255
256 256 177 122 101 255
257 257 177 122 101 255
258 258 177 122 101 255
259 259 177 122 101 255
260 260 177 122 101 255
261 261 177 122 101 255
262 262 177 122 101 255
263 263 177 122 101 255
264 264 177 122 101 255
265 265 255 238 170 255
266 266 206 111 93 255
267 267 177 122 101 255
268 268 177 122 101 255
269 269 177 122 101 255
270 270 177 122 101 255
271 271 177 122 101 255
272 272 177 122 101 255
273 273 177 122 101 255
274 274 177 122 101 255
275 275 177 122 101 255
276 276 177 122 101 255
277 277 177 122 101 255
278 278 177 122 101 255
279 279 216 186 0 255
280 280 255 226 77 255
281 281 255 243 106 255
282 282 255 234 92 255
283 283 240 210 35 255
284 284 224 194 0 255
285 285 213 99 79 255
286 286 217 102 81 255
287 287 0 147 202 255
288 288 0 122 171 255
289 289 186 77 64 255
290 290 111 197 131 255
291 291 240 255 30 255
292 292 185 232 61 255
293 293 0 226 255 255
294 294 251 159 255 255
295 295 230 169 29 255
296 296 0 194 113 255
297 297 104 160 249 255
298 298 221 108 158 255
299 299 137 142 0 255
300 300 230 70 0 255
301 301 0 147 0 255
302 302 0 147 248 255
303 303 231 0 206 255
304 304 129 78 0 255
305 305 0 116 0 255
306 306 0 0 255 255
307 307 157 0 0 255
#EOF 
