# 256 values
0 0 0 0 3 255
1 1 0 0 4 255
2 2 0 0 6 255
3 3 1 0 7 255
4 4 1 1 9 255
5 5 1 1 11 255
6 6 2 1 14 255
7 7 2 2 16 255
8 8 3 2 18 255
9 9 4 3 20 255
10 10 4 3 22 255
11 11 5 4 24 255
12 12 6 4 27 255
13 13 7 5 29 255
14 14 8 6 31 255
15 15 9 6 33 255
16 16 10 7 35 255
17 17 11 7 38 255
18 18 13 8 40 255
19 19 14 8 42 255
20 20 15 9 45 255
21 21 16 9 47 255
22 22 18 10 50 255
23 23 19 10 52 255
24 24 20 11 54 255
25 25 22 11 57 255
26 26 23 11 59 255
27 27 25 11 62 255
28 28 26 11 64 255
29 29 28 12 67 255
30 30 29 12 69 255
31 31 31 12 71 255
32 32 32 12 74 255
33 33 34 11 76 255
34 34 36 11 78 255
35 35 38 11 80 255
36 36 39 11 82 255
37 37 41 11 84 255
38 38 43 10 86 255
39 39 45 10 88 255
40 40 46 10 90 255
41 41 48 10 92 255
42 42 50 9 93 255
43 43 52 9 95 255
44 44 53 9 96 255
45 45 55 9 97 255
46 46 57 9 98 255
47 47 59 9 100 255
48 48 60 9 101 255
49 49 62 9 102 255
50 50 64 9 102 255
51 51 65 9 103 255
52 52 67 10 104 255
53 53 69 10 105 255
54 54 70 10 105 255
55 55 72 11 106 255
56 56 74 11 106 255
57 57 75 12 107 255
58 58 77 12 107 255
59 59 79 13 108 255
60 60 80 13 108 255
61 61 82 14 108 255
62 62 83 14 109 255
63 63 85 15 109 255
64 64 87 15 109 255
65 65 88 16 109 255
66 66 90 17 109 255
67 67 91 17 110 255
68 68 93 18 110 255
69 69 95 18 110 255
70 70 96 19 110 255
71 71 98 20 110 255
72 72 99 20 110 255
73 73 101 21 110 255
74 74 102 21 110 255
75 75 104 22 110 255
76 76 106 23 110 255
77 77 107 23 110 255
78 78 109 24 110 255
79 79 110 24 110 255
80 80 112 25 110 255
81 81 114 25 109 255
82 82 115 26 109 255
83 83 117 27 109 255
84 84 118 27 109 255
85 85 120 28 109 255
86 86 122 28 109 255
87 87 123 29 108 255
88 88 125 29 108 255
89 89 126 30 108 255
90 90 128 31 107 255
91 91 129 31 107 255
92 92 131 32 107 255
93 93 133 32 106 255
94 94 134 33 106 255
95 95 136 33 106 255
96 96 137 34 105 255
97 97 139 34 105 255
98 98 141 35 105 255
99 99 142 36 104 255
100 100 144 36 104 255
101 101 145 37 103 255
102 102 147 37 103 255
103 103 149 38 102 255
104 104 150 38 102 255
105 105 152 39 101 255
106 106 153 40 100 255
107 107 155 40 100 255
108 108 156 41 99 255
109 109 158 41 99 255
110 110 160 42 98 255
111 111 161 43 97 255
112 112 163 43 97 255
113 113 164 44 96 255
114 114 166 44 95 255
115 115 167 45 95 255
116 116 169 46 94 255
117 117 171 46 93 255
118 118 172 47 92 255
119 119 174 48 91 255
120 120 175 49 91 255
121 121 177 49 90 255
122 122 178 50 89 255
123 123 180 51 88 255
124 124 181 51 87 255
125 125 183 52 86 255
126 126 184 53 86 255
127 127 186 54 85 255
128 128 187 55 84 255
129 129 189 55 83 255
130 130 190 56 82 255
131 131 191 57 81 255
132 132 193 58 80 255
133 133 194 59 79 255
134 134 196 60 78 255
135 135 197 61 77 255
136 136 199 62 76 255
137 137 200 62 75 255
138 138 201 63 74 255
139 139 203 64 73 255
140 140 204 65 72 255
141 141 205 66 71 255
142 142 207 68 70 255
143 143 208 69 68 255
144 144 209 70 67 255
145 145 210 71 66 255
146 146 212 72 65 255
147 147 213 73 64 255
148 148 214 74 63 255
149 149 215 75 62 255
150 150 217 77 61 255
151 151 218 78 59 255
152 152 219 79 58 255
153 153 220 80 57 255
154 154 221 82 56 255
155 155 222 83 55 255
156 156 223 84 54 255
157 157 224 86 52 255
158 158 226 87 51 255
159 159 227 88 50 255
160 160 228 90 49 255
161 161 229 91 48 255
162 162 230 92 46 255
163 163 230 94 45 255
164 164 231 95 44 255
165 165 232 97 43 255
166 166 233 98 42 255
167 167 234 100 40 255
168 168 235 101 39 255
169 169 236 103 38 255
170 170 237 104 37 255
171 171 237 106 35 255
172 172 238 108 34 255
173 173 239 109 33 255
174 174 240 111 31 255
175 175 240 112 30 255
176 176 241 114 29 255
177 177 242 116 28 255
178 178 242 117 26 255
179 179 243 119 25 255
180 180 243 121 24 255
181 181 244 122 22 255
182 182 245 124 21 255
183 183 245 126 20 255
184 184 246 128 18 255
185 185 246 129 17 255
186 186 247 131 16 255
187 187 247 133 14 255
188 188 248 135 13 255
189 189 248 136 12 255
190 190 248 138 11 255
191 191 249 140 9 255
192 192 249 142 8 255
193 193 249 144 8 255
194 194 250 145 7 255
195 195 250 147 6 255
196 196 250 149 6 255
197 197 250 151 6 255
198 198 251 153 6 255
199 199 251 155 6 255
200 200 251 157 6 255
201 201 251 158 7 255
202 202 251 160 7 255
203 203 251 162 8 255
204 204 251 164 10 255
205 205 251 166 11 255
206 206 251 168 13 255
207 207 251 170 14 255
208 208 251 172 16 255
209 209 251 174 18 255
210 210 251 176 20 255
211 211 251 177 22 255
212 212 251 179 24 255
213 213 251 181 26 255
214 214 251 183 28 255
215 215 251 185 30 255
216 216 250 187 33 255
217 217 250 189 35 255
218 218 250 191 37 255
219 219 250 193 40 255
220 220 249 195 42 255
221 221 249 197 44 255
222 222 249 199 47 255
223 223 248 201 49 255
224 224 248 203 52 255
225 225 248 205 55 255
226 226 247 207 58 255
227 227 247 209 60 255
228 228 246 211 63 255
229 229 246 213 66 255
230 230 245 215 69 255
231 231 245 217 72 255
232 232 244 219 75 255
233 233 244 220 79 255
234 234 243 222 82 255
235 235 243 224 86 255
236 236 243 226 89 255
237 237 242 228 93 255
238 238 242 230 96 255
239 239 241 232 100 255
240 240 241 233 104 255
241 241 241 235 108 255
242 242 241 237 112 255
243 243 241 238 116 255
244 244 241 240 121 255
245 245 241 242 125 255
246 246 242 243 129 255
247 247 242 244 133 255
248 248 243 246 137 255
249 249 244 247 141 255
250 250 245 248 145 255
251 251 246 250 149 255
252 252 247 251 153 255
253 253 249 252 157 255
254 254 250 253 160 255
255 255 252 254 164 255
