# 256 values
0 0 12 7 134 255
1 1 16 7 135 255
2 2 19 6 137 255
3 3 21 6 138 255
4 4 24 6 139 255
5 5 27 6 140 255
6 6 29 6 141 255
7 7 31 5 142 255
8 8 33 5 143 255
9 9 35 5 144 255
10 10 37 5 145 255
11 11 39 5 146 255
12 12 41 5 147 255
13 13 43 5 148 255
14 14 45 4 148 255
15 15 47 4 149 255
16 16 49 4 150 255
17 17 51 4 151 255
18 18 52 4 152 255
19 19 54 4 152 255
20 20 56 4 153 255
21 21 58 4 154 255
22 22 59 3 154 255
23 23 61 3 155 255
24 24 63 3 156 255
25 25 64 3 156 255
26 26 66 3 157 255
27 27 68 3 158 255
28 28 69 3 158 255
29 29 71 2 159 255
30 30 73 2 159 255
31 31 74 2 160 255
32 32 76 2 161 255
33 33 78 2 161 255
34 34 79 2 162 255
35 35 81 1 162 255
36 36 82 1 163 255
37 37 84 1 163 255
38 38 86 1 163 255
39 39 87 1 164 255
40 40 89 1 164 255
41 41 90 0 165 255
42 42 92 0 165 255
43 43 94 0 165 255
44 44 95 0 166 255
45 45 97 0 166 255
46 46 98 0 166 255
47 47 100 0 167 255
48 48 101 0 167 255
49 49 103 0 167 255
50 50 104 0 167 255
51 51 106 0 167 255
52 52 108 0 168 255
53 53 109 0 168 255
54 54 111 0 168 255
55 55 112 0 168 255
56 56 114 0 168 255
57 57 115 0 168 255
58 58 117 0 168 255
59 59 118 1 168 255
60 60 120 1 168 255
61 61 121 1 168 255
62 62 123 2 168 255
63 63 124 2 167 255
64 64 126 3 167 255
65 65 127 3 167 255
66 66 129 4 167 255
67 67 130 4 167 255
68 68 132 5 166 255
69 69 133 6 166 255
70 70 134 7 166 255
71 71 136 7 165 255
72 72 137 8 165 255
73 73 139 9 164 255
74 74 140 10 164 255
75 75 142 12 164 255
76 76 143 13 163 255
77 77 144 14 163 255
78 78 146 15 162 255
79 79 147 16 161 255
80 80 149 17 161 255
81 81 150 18 160 255
82 82 151 19 160 255
83 83 153 20 159 255
84 84 154 21 158 255
85 85 155 23 158 255
86 86 157 24 157 255
87 87 158 25 156 255
88 88 159 26 155 255
89 89 160 27 155 255
90 90 162 28 154 255
91 91 163 29 153 255
92 92 164 30 152 255
93 93 165 31 151 255
94 94 167 33 151 255
95 95 168 34 150 255
96 96 169 35 149 255
97 97 170 36 148 255
98 98 172 37 147 255
99 99 173 38 146 255
100 100 174 39 145 255
101 101 175 40 144 255
102 102 176 42 143 255
103 103 177 43 143 255
104 104 178 44 142 255
105 105 180 45 141 255
106 106 181 46 140 255
107 107 182 47 139 255
108 108 183 48 138 255
109 109 184 50 137 255
110 110 185 51 136 255
111 111 186 52 135 255
112 112 187 53 134 255
113 113 188 54 133 255
114 114 189 55 132 255
115 115 190 56 131 255
116 116 191 57 130 255
117 117 192 59 129 255
118 118 193 60 128 255
119 119 194 61 128 255
120 120 195 62 127 255
121 121 196 63 126 255
122 122 197 64 125 255
123 123 198 65 124 255
124 124 199 66 123 255
125 125 200 68 122 255
126 126 201 69 121 255
127 127 202 70 120 255
128 128 203 71 119 255
129 129 204 72 118 255
130 130 205 73 117 255
131 131 206 74 117 255
132 132 207 75 116 255
133 133 208 77 115 255
134 134 209 78 114 255
135 135 209 79 113 255
136 136 210 80 112 255
137 137 211 81 111 255
138 138 212 82 110 255
139 139 213 83 109 255
140 140 214 85 109 255
141 141 215 86 108 255
142 142 215 87 107 255
143 143 216 88 106 255
144 144 217 89 105 255
145 145 218 90 104 255
146 146 219 91 103 255
147 147 220 93 102 255
148 148 220 94 102 255
149 149 221 95 101 255
150 150 222 96 100 255
151 151 223 97 99 255
152 152 223 98 98 255
153 153 224 100 97 255
154 154 225 101 96 255
155 155 226 102 96 255
156 156 227 103 95 255
157 157 227 104 94 255
158 158 228 106 93 255
159 159 229 107 92 255
160 160 229 108 91 255
161 161 230 109 90 255
162 162 231 110 90 255
163 163 232 112 89 255
164 164 232 113 88 255
165 165 233 114 87 255
166 166 234 115 86 255
167 167 234 116 85 255
168 168 235 118 84 255
169 169 236 119 84 255
170 170 236 120 83 255
171 171 237 121 82 255
172 172 237 123 81 255
173 173 238 124 80 255
174 174 239 125 79 255
175 175 239 126 78 255
176 176 240 128 77 255
177 177 240 129 77 255
178 178 241 130 76 255
179 179 242 132 75 255
180 180 242 133 74 255
181 181 243 134 73 255
182 182 243 135 72 255
183 183 244 137 71 255
184 184 244 138 71 255
185 185 245 139 70 255
186 186 245 141 69 255
187 187 246 142 68 255
188 188 246 143 67 255
189 189 246 145 66 255
190 190 247 146 65 255
191 191 247 147 65 255
192 192 248 149 64 255
193 193 248 150 63 255
194 194 248 152 62 255
195 195 249 153 61 255
196 196 249 154 60 255
197 197 250 156 59 255
198 198 250 157 58 255
199 199 250 159 58 255
200 200 250 160 57 255
201 201 251 162 56 255
202 202 251 163 55 255
203 203 251 164 54 255
204 204 252 166 53 255
205 205 252 167 53 255
206 206 252 169 52 255
207 207 252 170 51 255
208 208 252 172 50 255
209 209 252 173 49 255
210 210 253 175 49 255
211 211 253 176 48 255
212 212 253 178 47 255
213 213 253 179 46 255
214 214 253 181 45 255
215 215 253 182 45 255
216 216 253 184 44 255
217 217 253 185 43 255
218 218 253 187 43 255
219 219 253 188 42 255
220 220 253 190 41 255
221 221 253 192 41 255
222 222 253 193 40 255
223 223 253 195 40 255
224 224 253 196 39 255
225 225 253 198 38 255
226 226 252 199 38 255
227 227 252 201 38 255
228 228 252 203 37 255
229 229 252 204 37 255
230 230 252 206 37 255
231 231 251 208 36 255
232 232 251 209 36 255
233 233 251 211 36 255
234 234 250 213 36 255
235 235 250 214 36 255
236 236 250 216 36 255
237 237 249 217 36 255
238 238 249 219 36 255
239 239 248 221 36 255
240 240 248 223 36 255
241 241 247 224 36 255
242 242 247 226 37 255
243 243 246 228 37 255
244 244 246 229 37 255
245 245 245 231 38 255
246 246 245 233 38 255
247 247 244 234 38 255
248 248 243 236 38 255
249 249 243 238 38 255
250 250 242 240 38 255
251 251 242 241 38 255
252 252 241 243 38 255
253 253 240 245 37 255
254 254 240 246 35 255
255 255 239 248 33 255
