# 256 values
0 0 68 1 84 255
1 1 68 2 85 255
2 2 68 3 87 255
3 3 69 5 88 255
4 4 69 6 90 255
5 5 69 8 91 255
6 6 70 9 92 255
7 7 70 11 94 255
8 8 70 12 95 255
9 9 70 14 97 255
10 10 71 15 98 255
11 11 71 17 99 255
12 12 71 18 101 255
13 13 71 20 102 255
14 14 71 21 103 255
15 15 71 22 105 255
16 16 71 24 106 255
17 17 72 25 107 255
18 18 72 26 108 255
19 19 72 28 110 255
20 20 72 29 111 255
21 21 72 30 112 255
22 22 72 32 113 255
23 23 72 33 114 255
24 24 72 34 115 255
25 25 72 35 116 255
26 26 71 37 117 255
27 27 71 38 118 255
28 28 71 39 119 255
29 29 71 40 120 255
30 30 71 42 121 255
31 31 71 43 122 255
32 32 71 44 123 255
33 33 70 45 124 255
34 34 70 47 124 255
35 35 70 48 125 255
36 36 70 49 126 255
37 37 69 50 127 255
38 38 69 52 127 255
39 39 69 53 128 255
40 40 69 54 129 255
41 41 68 55 129 255
42 42 68 57 130 255
43 43 67 58 131 255
44 44 67 59 131 255
45 45 67 60 132 255
46 46 66 61 132 255
47 47 66 62 133 255
48 48 66 64 133 255
49 49 65 65 134 255
50 50 65 66 134 255
51 51 64 67 135 255
52 52 64 68 135 255
53 53 63 69 135 255
54 54 63 71 136 255
55 55 62 72 136 255
56 56 62 73 137 255
57 57 61 74 137 255
58 58 61 75 137 255
59 59 61 76 137 255
60 60 60 77 138 255
61 61 60 78 138 255
62 62 59 80 138 255
63 63 59 81 138 255
64 64 58 82 139 255
65 65 58 83 139 255
66 66 57 84 139 255
67 67 57 85 139 255
68 68 56 86 139 255
69 69 56 87 140 255
70 70 55 88 140 255
71 71 55 89 140 255
72 72 54 90 140 255
73 73 54 91 140 255
74 74 53 92 140 255
75 75 53 93 140 255
76 76 52 94 141 255
77 77 52 95 141 255
78 78 51 96 141 255
79 79 51 97 141 255
80 80 50 98 141 255
81 81 50 99 141 255
82 82 49 100 141 255
83 83 49 101 141 255
84 84 49 102 141 255
85 85 48 103 141 255
86 86 48 104 141 255
87 87 47 105 141 255
88 88 47 106 141 255
89 89 46 107 142 255
90 90 46 108 142 255
91 91 46 109 142 255
92 92 45 110 142 255
93 93 45 111 142 255
94 94 44 112 142 255
95 95 44 113 142 255
96 96 44 114 142 255
97 97 43 115 142 255
98 98 43 116 142 255
99 99 42 117 142 255
100 100 42 118 142 255
101 101 42 119 142 255
102 102 41 120 142 255
103 103 41 121 142 255
104 104 40 122 142 255
105 105 40 122 142 255
106 106 40 123 142 255
107 107 39 124 142 255
108 108 39 125 142 255
109 109 39 126 142 255
110 110 38 127 142 255
111 111 38 128 142 255
112 112 38 129 142 255
113 113 37 130 142 255
114 114 37 131 141 255
115 115 36 132 141 255
116 116 36 133 141 255
117 117 36 134 141 255
118 118 35 135 141 255
119 119 35 136 141 255
120 120 35 137 141 255
121 121 34 137 141 255
122 122 34 138 141 255
123 123 34 139 141 255
124 124 33 140 141 255
125 125 33 141 140 255
126 126 33 142 140 255
127 127 32 143 140 255
128 128 32 144 140 255
129 129 32 145 140 255
130 130 31 146 140 255
131 131 31 147 139 255
132 132 31 148 139 255
133 133 31 149 139 255
134 134 31 150 139 255
135 135 30 151 138 255
136 136 30 152 138 255
137 137 30 153 138 255
138 138 30 153 138 255
139 139 30 154 137 255
140 140 30 155 137 255
141 141 30 156 137 255
142 142 30 157 136 255
143 143 30 158 136 255
144 144 30 159 136 255
145 145 30 160 135 255
146 146 31 161 135 255
147 147 31 162 134 255
148 148 31 163 134 255
149 149 32 164 133 255
150 150 32 165 133 255
151 151 33 166 133 255
152 152 33 167 132 255
153 153 34 167 132 255
154 154 35 168 131 255
155 155 35 169 130 255
156 156 36 170 130 255
157 157 37 171 129 255
158 158 38 172 129 255
159 159 39 173 128 255
160 160 40 174 127 255
161 161 41 175 127 255
162 162 42 176 126 255
163 163 43 177 125 255
164 164 44 177 125 255
165 165 46 178 124 255
166 166 47 179 123 255
167 167 48 180 122 255
168 168 50 181 122 255
169 169 51 182 121 255
170 170 53 183 120 255
171 171 54 184 119 255
172 172 56 185 118 255
173 173 57 185 118 255
174 174 59 186 117 255
175 175 61 187 116 255
176 176 62 188 115 255
177 177 64 189 114 255
178 178 66 190 113 255
179 179 68 190 112 255
180 180 69 191 111 255
181 181 71 192 110 255
182 182 73 193 109 255
183 183 75 194 108 255
184 184 77 194 107 255
185 185 79 195 105 255
186 186 81 196 104 255
187 187 83 197 103 255
188 188 85 198 102 255
189 189 87 198 101 255
190 190 89 199 100 255
191 191 91 200 98 255
192 192 94 201 97 255
193 193 96 201 96 255
194 194 98 202 95 255
195 195 100 203 93 255
196 196 103 204 92 255
197 197 105 204 91 255
198 198 107 205 89 255
199 199 109 206 88 255
200 200 112 206 86 255
201 201 114 207 85 255
202 202 116 208 84 255
203 203 119 208 82 255
204 204 121 209 81 255
205 205 124 210 79 255
206 206 126 210 78 255
207 207 129 211 76 255
208 208 131 211 75 255
209 209 134 212 73 255
210 210 136 213 71 255
211 211 139 213 70 255
212 212 141 214 68 255
213 213 144 214 67 255
214 214 146 215 65 255
215 215 149 215 63 255
216 216 151 216 62 255
217 217 154 216 60 255
218 218 157 217 58 255
219 219 159 217 56 255
220 220 162 218 55 255
221 221 165 218 53 255
222 222 167 219 51 255
223 223 170 219 50 255
224 224 173 220 48 255
225 225 175 220 46 255
226 226 178 221 44 255
227 227 181 221 43 255
228 228 183 221 41 255
229 229 186 222 39 255
230 230 189 222 38 255
231 231 191 223 36 255
232 232 194 223 34 255
233 233 197 223 33 255
234 234 199 224 31 255
235 235 202 224 30 255
236 236 205 224 29 255
237 237 207 225 28 255
238 238 210 225 27 255
239 239 212 225 26 255
240 240 215 226 25 255
241 241 218 226 24 255
242 242 220 226 24 255
243 243 223 227 24 255
244 244 225 227 24 255
245 245 228 227 24 255
246 246 231 228 25 255
247 247 233 228 25 255
248 248 236 228 26 255
249 249 238 229 27 255
250 250 241 229 28 255
251 251 243 229 30 255
252 252 246 230 31 255
253 253 248 230 33 255
254 254 250 230 34 255
255 255 253 231 36 255
